1159828081105060705
2092861194078594462
2597416179880162161
5096513409537687134
6488044900878713219
3373205002352929514
-5080500355851691375
-5203634257172045490
6257087509054123198
592800499560743637
-1176940484905384239
-1545444915021591909
-8275533282455799072
-2102211913095851679
7564656380817635403
56679445590325920
-9185551550330613524
6347282076878839520
4387149594804362636
2879857005722617673
-3067411505146497640
-1693597040280891782
5899693218255285779
7225531534568684185
-8026647495674178610
-7754582624887315286
8842589736531301591
6898669601760297252
-6874381536598799058
-8584475644825018943
2668892233057905342
-4321085217374623595
-1088437543382049653
978349818048435298
4307941123443425575
3726201094369111594
2178044395188471914
1298968033917941764
-275327545220793247
999168343520206131
-8947577182226717306
-882703561450925196
-2293042422156050895
-4216817470523671146
-4486059421882537649
6385364925269205840
7896785289976111184
-4901819521291611570
900928994109639781
4822421584211082380
-5957906626935226645
4374683943366518759
-8162510121584509662
-2939937578144644367
5361479412941919010
7887779579632775940
-1911982853795601906
-6501646726740611175
-2532637294000104055
-4171716695030743334
5219023284094479464
-6012244479948380299
-5737679053885595479
-1728111364003386446
4558727257065044644
-5785701481723944505
7750639065508146048
8935257514387144042
-2476344680674833689
-442210482973794648
6351391811643257853
1417628331079875061
6901350473847815565
1108404583485058435
-5672831295828885115
-1613100399105124394
-6218720007490181212
7039714129084793752
5264995343261558641
-4483660332660573015
-7257135153556195986
-7309513897876643206
778455266988003214
1867652644889660315
7199543475564092643
-6265829508742574447
6594565719823291547
5768339260058846189
25791952687931437
6080786238670820761
2226780345009515726
7146583999169703797
-3017837549792419798
-4963425059561069279
3655401041966539856
8706214632008098076
-1193683538599657747
-3526802350510198515
-8702461794932119620
6925053912891032417
-5507077592631733700
-7992131850036762091
-7556199555282018652
-2206851904490359084
1674263049096554004
-8513694357424012220
-1850002103770163700
-4059644387587080036
2961798140744683297
-4705673324546847367
6503246355267992301
3995377426848434418
-8149528038732198585
3212890111661167593
-5503535161689709389
1478183299644778916
-35656284227912164
-6572898715880465253
3244982463520616384
-1233203814899528557
498563266562809707
-4506307951034717717
5076381577375852519
3250797649913879093
7582303452786270642
-8453845570046684665
1282346482983207665
-1122991952388474861
5316979454382705316
5638751499267368309
-1652913746861987045
9037813869275764556
-3149103006002780247
2270074070326699403
5952931124259363222
-3850439298643635439
-8828331519597572007
7922476065656441590
-238395012625579770
3695901368382381863
6452471692333349125
2618879297984961588
2684095727126530052
3871557596942960232
1632621479079482670
-3765999700124462055
8618568845999756188
-8182540013462030014
-6769069674177394165
4635828158655486030
7321131927522288080
-261302236764623818
-3557578743537159928
-6887168465480204339
5057306774857364499
8441886335772280410
6624184276918102594
4584298143913929063
1128375911489849806
-7466662313720717352
-1360569736239562997
-7840631275775139266
6341458829665250014
-4718526037668884371
-7548516686552607636
4482609842941074507
7060359746292433428
1622997493801012714
5099008919462981022
-7004480484890888999
7058931262091331508
-2062000677508670793
-6603059187018744176
9203444887973694216
-3337286257171743754
1232836755165807691
5864812356793912933
-2585578380938631605
-7034161367105998455
499598765713289653
5509245389469690355
-790084172029235990
4103748868060014603
-3262224335855631850
1085298120600659524
5990657278122666625
1452835159266309778
-8655430858568418524
9027832745239704344
-5707504011879881089
-1654149414853360090
-996746238862112855
1215983515397799266
3693803316683770536
3309738763757755460
-8406560988041640446
-4518797016738782777
-3758689990294742636
-8585294452458785443
-543302315100100959
759677476097748770
1446821666573923629
-6181408316065534124
3623272319334816396
2082195173615515907
8828341521927386421
-1660903219421215740
-2156776749244313125
-5784425985840072149
2268296428747591102
3287456854315799480
7690549230126844477
3036020474539738897
6044406999812687280
3901267437508673457
-8343169362020717196
-3160684014902701984
5056882560245906758
3352284905559204
-8253297894172737580
-8396113002874309257
848591961709380753
3715818739030263097
6870734031616106184
534335705166882535
-2332679540573994508
-4764194941551332211
4142070673402285902
1080925169057487097
2364650368398026918
7299352889012555953
-4052263832429192074
2720649869866354214
6219521497742475059
451405775587638568
2164797618391336422
1926249298347737500
4558691239533131259
6085222431289691501
5572310418313002585
-7615444940192638528
-4507245874784432718
8020264652519526251
-6604109377346356709
4276302403570223782
6470210229311589854
6183153771624441347
6586815168058248591
3485285229710442651
-8282287346983269539
5286259479681889161
-6204072936645633111
-1291957249755977060
-5106766659836379428
8934269655198749767
711059994649056373
18240959062826204
-7965802368462410912
-408836172979001095
-4866649732877073522
-80485018659503294
-8963277071793302335
-7055581725259058864
8665205119361658535
7282129108603823080
4257073720171841066
-439058465565772177
-8597960447053380602
1438432867992203677
9050664798173030555
-7216109324774210191
-8350480496756336380
4618577655362743908
-6644209213081245337
-5192099948533614111
7807057990570555534
4569224276789255667
276870471788966070
5218412683573614656
2553881830348898727
3394936320696830005
-4720214148263122940
-739174802348885886
6722191409873737188
-5747230450321224759
-9177577094544699232
-6596438096528490351
884623212042655726
742896590996406400
-709017094926554578
6585977122889395913
-7643563903109367292
-2620832133959489054
-2523918325912868570
5832029053899125882
5939849408886611062
2239340697433815466
-2213711285367341742
5921418351621922922
-5157764064149701589
-5229329693315227066
-5870819748417574828
7159715477461162320
-5449274721320079076
-2267133983579539112
-1537885451834842082
7844646071967590490
6451581431380999382
-2380817103971063241
2560049338753702264
325780450477003688
5782302405948369148
492046101833218159
1198824192410150525
-1788301262557837106
2598001234118456771
-4968125870687595971
-1328939493461052130
-9024230181455816874
-2738046819277842315
6208758667897959187
1994927318448103837
372009967162014524
426722019526887919
458941914380899866
-6038142689898778348
-4555313859242674320
-1460659384265317086
-8743986222911326037
-1341197401677408276
6599855157698510936
1726494237180138901
5114166803795307733
-7448759862314332058
3020641331552794187
4688894710793262561
424425418222025691
-3975834890344759018
5363524099168382999
3549660606908169780
1598702212434811059
8287203208800465762
-7711140510088669829
-1238599876440268081
-8408470220659596665
-5379565356086699513
3623645477795432878
6284313071162737288
5742565003378915128
-945085248291952747
-4712980671076309546
-1759104300901137079
-5166444497262094890
6681079680129856750
3304007473708041106
8874302342564465295
-9156767915822886615
4279231001954514891
4900426599787075441
6828028541027731435
4402804289625428524
410745112622221623
6370369103020546937
3941294137070253956
3580571835079404172
1466769849358154769
5152539119422491041
-2709635753830246764
4282922362786772781
-8361692609829731441
-1562765568988961194
8621496388079809511
-2370737587756215643
-1631564438737098314
2829683168276011770
391608624205336159
-2309548895512651841
8532596358322738659
-5438543672733982624
5520670942591386482
-4487308822307376134
-3488743019068464315
-1169281674373760686
-7858243175739339350
7736451592125843976
-8289397187860215968
-4314450479290843893
4844122792948323108
-5184349199405390769
1415665241635440779
8264790651521135037
-4355109405644569582
2626939648371177323
-8172418283574131597
3953183906990372621
648187920556575033
-1284474663347555158
1171606501306533526
3124326915161424018
6776291236040835700
-1459540671244817266
-1667520971827269943
-8523402011850710951
4599796653748311343
2001023542325002575
5679267494662039475
6460246204278743396
3168264334290029292
7636998288753060183
-7937606873662542513
-1551480541798501850
-5245762063567765566
8166875473654317508
3664204997212955502
-251015092747673847
5447853290225901784
1326224610891641065
7304728540167273523
6147288049263516904
8854561561767312111
-8236102052618315571
-5663738548528681323
-7717852236487122027
-1739392041218271018
8194478372013758890
-6432614257381671712
-8687931682316314540
7525186934873125363
1496681412562691183
-3081082139905176780
-2721270640642488226
2841606625044768961
-9013708580220854977
-8667964304640752124
1127660321022210912
4340944442504862028
-4569717451634422288
1227653518970378393
-3927070314801519111
7210805278252873655
198122125953624205
-3020918821720099955
436381418309739583
5133769728585170614
403172663036058069
-6891735372918037680
-5210982454916488133
-362947782112072172
-350966394479531079
3489237477284312743
3722685600750573672
4487231909049833775
-6682986493370337311
8690339195492955432
5825220510298491448
5138654756998727031
-63417254390355416
7162076235569751486
-5543051283077495665
-3167142267243489038
-5056581938134494436
-8444668996871576277
-6005509125255049658
-7493417520420693829
-3400259076351047041
-3435509002778915711
5993505427490387113
1067387630197798782
4502568960888562121
6293612333496100776
-2197620191493544455
3563423650936632318
7632348362893846179
-126038534017582116
4959946821339454443
-8458678483103971440
-1823937017296325267
1477509911738211884
-4682104619955415512
-6014074223780010851
-6906543833434678343
-5307981755872847364
-2550375319792884533
1815679329797293348
-2032892289342715187
-1657274897422735484
-7404634345754967322
4882025895377570101
-2425081774696424923
5523829925485982286
8177743358426530045
8112800911522407799
571953259386722800
-337764829671837764
5560274849815265161
-2347122945951620701
-6098690303742315122
-691498386939411073
-6798524153148196490
-2791309065324796154
3259985829316797976
6266358714679099425
-1734647691199701339
-999107434532577533
-593164694820129576
5653099134242642301
-8776100367815541141
936802106144678287
-563285470467519028
-1681223623347925183
-7391167712026574320
8518151078641136563
7727908322601329192
7591383746755070323
-6990249467651836079
-5234699741393332722
5643009455999720145
1324400754430284009
-2630577361513731361
-7101837258553334959
3084786315822586594
1850155512803268047
9176858855879332574
5243398965479259840
1888194492080542251
-7478205719662279131
-679983327659554457
277777724895843000
-3404057936841400403
5028491070954992703
-8864665205861394682
960785839854165795
3867677412633412639
-1779670013400363709
5539451415911189820
8552590664626460677
-8112953660067552148
8067776366268997550
2428019000340820222
-5173923422306970637
-7834603792724255693
-615786768353988144
1526093242050344244
-6882147927581668713
-5217690356428758970
-3317414600394397621
-9127011898312030917
-3128076859827985618
2112537939996971
5246931422308433048
7923366723952861028
3122308877400707849
2010175645650148766
-5986554492343155839
-7739883210024976526
-3638332874647679985
1619482822265476365
-4731401858192047192
-996084675171018464
3040594369217788730
700765186002094618
-5859504895741010945
-3901350209946705255
9010162392567174934
4318030304161998109
6209410363569027662
4073090390254825214
-2702019447930880443
-3382588159614826848
-8249880595363618383
-203491879718774556
8382148352650733053
-4537679284895770143
68080883446333719
-1858867687399228205
1062300354254248072
1442595533699823443
4263686257455602116
7500489085871686600
7865099172909302723
9120884255214343965
1796021551746479567
4481832836449664435
-3221400665025964129
6283987226300404633
5795934375794028197
-7307377734448526342
-7623906368867732316
-8675697389596394538
4185558848302564228
6203670296747252725
2187018432982936169
-8375252338987485673
-7929842581673852927
-4176417269506576016
-6130252963910482403
-3913207181548588462
8939120935083766403
6440858420461469996
-7205530127928659711
-8339578896436138830
-5799356139883728187
-2079829752961475747
583377965645061868
-5430290886610436074
5688954853463717976
-8912374862058559955
-1768579412980249402
-4231221878046930801
-7008273095463993058
8925544622780557368
3309823175856688909
4776363332177991142
8943268136547403728
-4667418533101214962
-4439491243500326829
-9020518693983900141
3609134256741059194
2485854037377416629
6984654098829615037
-599346456370765881
845213647152029946
246380785310449445
1978656093158813574
-7246467689845005085
-3651541031340579964
-2408634015832647479
6506930978439553914
-5152375567283448577
1177704169067766048
-969890863095463676
-797226380553056389
8227864805558937572
6366789295017616939
1796085886125596074
4111293071804483072
-8813994110099257326
-7403360631302958382
5294467076244700803
8970375206924850833
-8627401674418440901
-3354773469689232998
-3479863421775304757
2646916757029231692
-9193215398137415994
5535879743725632987
1712418296940670133
-1937943287570277277
1694106837634129485
2292397404206844480
1976905093403023843
5964279728551261340
-3867843931667539425
7756201893623363400
-1979636854506786832
-3159240617885722161
7965490558136063935
552853532621261256
5624232228452937190
6882123349982799468
2011354965826958947
4438662252141785447
3019699565512764360
8257682858988665074
562834557424601462
6960348406420229921
3819208267034674442
3158923363305120377
3051547747063704342
3017975526759910341
-3456518926524165357
8309418148321846569
-7760576773865791850
-1202790977807155593
5139454540423821250
-5728855088401677631
3850169361461805821
-374709990506241234
-8035432359912458266
-6945580593095353583
8290600024212804998
-8944276091107679945
-3980590746783357499
8645964113164655232
6260027713178485790
1047475516518982064
7732189930168998806
-4984868611252045689
5652950916194930666
4413345317129631246
3089030343412057607
-5753104345620756941
7770417937100554174
8488005111606103704
-7603537505772749129
-3596224686608642905
-2865430409482640730
1386582211729441001
3832388854112777917
318262221039025048
-5641057795921862047
4706662496414342770
-8000259551768989409
3262875316515170255
-2497938313898203679
567355711777643253
-4802365681282626212
-5651772844460893781
8014137274996048844
9173736897871774475
4775172695308050915
-4179028532056708196
3057441786549847294
-6838536034642263393
-554078405061220711
-8912628765816817495
4805816482688923397
-6215107893466875023
5722158980510445400
-8515514668996404501
-411166094516728157
-8363235630283445355
-5947240436385204630
-5520140380709389808
-1245030063991432624
-8749839239647534095
1050805630414862098
329788351413873113
-1809427553418165066
-8501955071171096894
-3105399197466388477
-4154305956994377572
-4757427113088538829
-4987562261220571625
-4454095300802501145
8059346646404992450
-7620478118712693670
752123870814059093
7609599515184307673
-436929767773243318
-2928410880831815054
-7967704349705393999
320320581325801451
-3129706602823774908
-7199463192055800331
1090497620949377465
8695240772073087393
-3228685673387542953
1973261028894592019
-5227714478972559412
-8321575100551440268
848721817475616829
5277764496864187693
4576448390520466845
-5290442623203519407
-3306001176014735039
7194184145915801434
-1334196070349546316
-5323676201916231145
-5799506871097561145
7047619190419669221
5300327131222920173
2554336486700420637
8432595713853587653
4518861979049112268
-1118521271525605898
8408705825911930537
5536850081152599618
-932312896129182909
-986704811282939947
-8696804172353200519
-180080927452564002
9034355175877740591
1891526699364933473
-7274085345023932610
7494585381858148170
-4453421397246062164
8553820960019804612
-3501838516302423011
-6338496311585654069
3534628352292379784
8857710668611709439
-6877415770984905684
2579171777147873211
918870492902876357
2152681717919776614
-7674114658158594821
5136150814471355144
-1331466780358907877
7800441746726052896
5535514169353964808
-7138816340400423500
-7792520682843428749
2142276398123109288
6500970756911627849
8353903759735831379
7718683142593216109
-2318485527560961713
-943111595058640729
5383371964664463504
3114469030353959899
3678210372660612791
4277892794826507389
-4445806251259418200
-2235422928260342204
-1644327815554207143
2671791983119105309
-740697268631224083
4964612491395944802
-8224413986493864448
3408633272575171403
-5875602441414283964
-5724518446936882780
4957886140036789580
719970438247194560
1564989863775776935
3660731448925159085
-914018607933807567
1031121260455685544
3464454865288361637
4281431179987709395
-2521129684339137163
-4863983551559654108
-6366844770816707875
1658274333111422113
3878832859960877365
-938469437399478839
2802320047917518726
-268539579792325803
-8234168474432550048
6838044205827281184
-3691361005859738646
-4912888492902611102
7258201555328125498
-4999942112842889948
1209268395507608295
4345680773507337711
-6330068195063698213
-3839217170935478585
-4321570132943318675
-3707227326453658025
6068291203281203630
-5861067572509105043
-5004701718062238462
-161890077601409880
-625212669089227533
435355264781195374
1037513481157016129
2894060985246016548
6827884422819143485
-6907371130445737063
-2575537965836852394
-811855778058180158
5084573222608047092
-1780299853579544660
-3492154889239302524
5086361173213822637
-9162122216297979949
-137593521583152675
-3293004937067199329
-6385790865605559612
-6138010260405414037
-8027284171043199660
-4938703430740281454
-1595563769889777895
3472198886762993055
-5761713765586856530
-2015296087686786853
1023642310584623218
1145239895128349222
-6079847199592103556
2480743702558044170
-7783062419374589493
-8128247433476519923
-4792318993561502526
-3956889220375267002
5602692442178432722
-3850027022940013518
-8146408019236840584
-1446948072617241657
8836539578336433770
-2449834784684608566
823210199355128844
6796699053693188189
7097316521965913385
3503365297644094171
-5337723221549981217
-7940828817491570712
-1045681252834095143
5312953044302092995
-5130970058608681021
-4942614693287894563
-2881225396982751750
8625479953479458991
3754835573047628419
7824052770847986376
-8899689997916697537
8882023145720271909
-2084232893107311781
1876631140330025668
-1985643451027366131
6641472575094097275
947290274978056828
-2172004748139717627
4233862761881552127
-8767869348736967587
-2608121126160602742
4600042969759211854
-9139388210644866716
5817573978459532875
-7334799378269137379
5034105602234764411
-4951131105125673281
1872947436517352728
1739315092229864515
6615685948387831033
6469997140024174918
4039651314996065644
7345526986469064956
-9138955317831469495
5510155981243584869
1413249532189582659
7164444989208374461
-8607947351204024703
-6169243082723858888
-1641676379010030996
2875712913062798830
-3779491593713210166
-1780505276150839276
-3094356002323240693
2148289044432305004
7202611538622556131
7348739364976546558
2573150793202200
-3992687941175804152
931753538820117660
-2927256209328512718
-42238047057387042
-8082169662345875451
7909504034339607644
4492942421359926686
-5018007996338680196
-7576592964656908898
-5364705017804901476
-6863535234962217372
8290317167766894183
-7201622560503879298
2127848294551730282
7351049711869132636
-2076325959205925146
1727028806179598918
2176336777096675559
2621229653480215695
-5326813240396967275
6318869350299135498
-2207362165120798263
2707098012546501821
913311073235081187
1954357332293266644
-4492374413206293286
4357742616707984344
2462820935728166804
6000442805964389152
8525160157490612087
-7117228209526241913
-7343380527143484609
-470668602802963362
-2292017011954034415
5302417835752570788
8854117094690491344
-7182987323549231756
5425920986936981936
5452951830159828158
6527980716979648520
3146588262323251001
6794928148798806123
7595395442498881176
-3665169450142553352
-4539138814177306373
-2319349071436918287
3685039563258196136
-5335831378371986806
-7064243145476214022
-1189212924192993533
5793800790783142553
-5087250350840678920
6838382303415912683
5702543732902785783
-5348597835252167991
-6044491265595327405
7765302247172453493
-2427790552417215945
-59214045548226356
-8575242700056878339
406766290635906999
8740210583374096576
-9060073158930858009
2934089128797105199
-1459540649069797440
170515256759036068
