-9208866871098623613
-9180103037853803197
-9179646902635159459
-9169445363012920344
-9136431342918569301
-9126010061696704636
-9076922933892375099
-9063964499645469121
-9063700522698926150
-9062194973182302446
-9053219475738986863
-8982450808768367753
-8946945990372193487
-8935019630634878680
-8933332864647406834
-8899825248620132412
-8896510861833350737
-8889600428959061408
-8867341044089473517
-8866617684445259153
-8845707260076728738
-8841554434775243314
-8829380256769602482
-8820106765782466624
-8808490299194335052
-8711921304583225115
-8694364361805863020
-8680071748136020043
-8672233111244386886
-8666348877832246594
-8666243750415019411
-8664125244453402092
-8658901619053414891
-8650961696030335972
-8608242861015632414
-8607572747089537624
-8606583817020061903
-8585419437063346253
-8584479352983576741
-8579533161301209304
-8557737658150046932
-8551235221956093204
-8549187329206478360
-8538862306103233616
-8530784702013677384
-8525713027122179490
-8518697689677703732
-8515902837446565373
-8494627556644021147
-8475381412496771915
-8466702072525494069
-8457657734378696104
-8443088273553441175
-8439253371625615346
-8437896954996362017
-8418474493809383958
-8398006440146558998
-8396753470007091826
-8386944369984428988
-8360480813152480179
-8352978632935095600
-8349730117772999823
-8340953609687523914
-8339800162148406762
-8330412886959138086
-8320008285918654604
-8286432933877760478
-8283811954979753638
-8264219685665915665
-8256410169187968046
-8247955745140756632
-8213462303974879602
-8210638073782416418
-8179300711404643570
-8175006548792111524
-8169785687686579398
-8148027759972409036
-8124788311832869017
-8098832379650609421
-8076883892542653391
-8075207708552995501
-8069889969122434994
-8056215725186292282
-8053717427812136684
-7998336518211912880
-7976602218619022587
-7968923911357609501
-7965698162697483975
-7950434218202272069
-7865244816945158045
-7861574884951437220
-7843496813912989051
-7770615865912284114
-7713036916358026693
-7711851846877234242
-7699113358338953636
-7693745837365837990
-7672654532635152417
-7604046444406822279
-7588927307355366917
-7585913631599722517
-7582120700617960090
-7541409582874558096
-7473161116421783578
-7467057798591197213
-7433632758941903401
-7431632598354068232
-7417639595324869597
-7406587570388396053
-7294795427406579266
-7275393239190573906
-7254828654452756014
-7179097458790732295
-7169323047017242143
-7167178844248592369
-7161425857429220941
-7156512209054667811
-7137154669162274857
-7112382421489691814
-7112307007238045044
-7074851667345915595
-7030663454259954878
-7008262146942191831
-7000687065684682176
-6976829149440067404
-6968002339455701322
-6966484629874140808
-6963574361962284920
-6953882718974881949
-6932417732140903645
-6923852710725629707
-6915072746027552518
-6888987159375540563
-6874755450428461248
-6870382302452339329
-6865693897630616915
-6860971998391786255
-6818256161462255290
-6816563740154746037
-6806896666652719451
-6782979588817480797
-6774977192044761053
-6735034824695401132
-6718436290962084926
-6691262562710402888
-6681377818070934782
-6658594503559517196
-6609801692862014557
-6604133466316395140
-6569102116856099655
-6565655812435634987
-6562603775559307906
-6547904557025975137
-6539853972111176697
-6531819203240622172
-6528061667251647413
-6527085573957282349
-6512844990439705047
-6505798128859441184
-6503256394016169528
-6478220982589420745
-6444203909960627090
-6443126821041311139
-6417608246966419146
-6401459643638275446
-6382456351147161247
-6374586474464957919
-6369365310090963143
-6356240491632141473
-6315823528346311175
-6292405856831579926
-6279161966679582274
-6223564226924216861
-6212351292945305104
-6191074156369493869
-6174553315215449711
-6150659427117853259
-6135526349025817922
-6135327109279285125
-6043052822754529737
-6009304418818758453
-6006557387016868066
-5999233369870020917
-5963294295910984597
-5960902511109451478
-5960485518251239352
-5955009814521020635
-5953500747510233040
-5835777168779840530
-5821688627691857685
-5762506064105427615
-5724761881181969706
-5706078301840598125
-5697847232416150005
-5681735792881780075
-5665320085596340711
-5653971991699167235
-5648043413033900068
-5643920880344840600
-5628885053202431768
-5611033082781311766
-5608060060779618630
-5607707843802319204
-5606776188923847487
-5603973250174785466
-5603845767432766441
-5602446957888124307
-5587787690350573110
-5527374405817152949
-5505990228226346429
-5478729844457822064
-5468727130795231521
-5457629009158452980
-5403814838922058268
-5386082298073563232
-5384564599736706365
-5380947742922711633
-5378443936535116608
-5373649758997941990
-5373508627891390940
-5352585411720621369
-5337347874967634010
-5335476169336007020
-5335056504692063809
-5309711307688577010
-5276197619997493008
-5221450328406051919
-5220931408899242732
-5212895606623722563
-5186823522762822814
-5170193283646377377
-5082399123165291171
-5064299769953120468
-5053246473926012728
-5041793976701893368
-5039325316886090707
-4995664475487843368
-4984174411496510471
-4983304489404926499
-4950791388627558377
-4916392543582846548
-4913867863398935624
-4881972935052969652
-4801055284925826974
-4790648468263852053
-4777633250679184850
-4763929844365960348
-4761907326114029375
-4744382152295370919
-4736884400621693529
-4688463776160522801
-4676849470330501055
-4676695663208053068
-4670214332367187054
-4657009433793254403
-4619789191472938462
-4586362618598670616
-4570146055385510000
-4562272036849969232
-4534487168803627549
-4510838243611861828
-4468181877173649274
-4454381387584012663
-4454269542358364595
-4441849039610238123
-4419049530423678743
-4416569614634344685
-4393521160100964515
-4360005226258376671
-4354070443999569765
-4353820813260360453
-4345835394424340931
-4310693381935685729
-4283834037110721513
-4277417104264252173
-4273193872544664512
-4247806875116332010
-4240236757159217407
-4222677459562172032
-4221024024855185287
-4178331079026749262
-4172865944553706481
-4157548976643811531
-4134774985368744939
-4128916906747369618
-4122753016359128292
-4077326317824301149
-4039979849214627616
-4035617841387526469
-4008772264906984969
-4006585618009786507
-3987079536038905458
-3949957276992462559
-3912402451047623175
-3896509750128256793
-3865383489521336364
-3863844008147801573
-3854196066620960820
-3829721146885538685
-3764481248759463733
-3758777125471333308
-3750156460485966522
-3747527976316799859
-3741926204542765436
-3716645239346916127
-3669025198111061024
-3638229449563446502
-3617109841863174798
-3605995709187978202
-3594516405640396027
-3568627015064876838
-3553910810073209024
-3480887466049307821
-3446714350086936565
-3440812685313299222
-3382398424369591031
-3366821553346788863
-3355379273973166764
-3351900945761147408
-3351254583258453509
-3332137978741311250
-3323359575862317275
-3279203183861060655
-3252029210333506357
-3248362252140159221
-3245314705616838808
-3233639058129534778
-3157955467077602983
-3154292877734074307
-3145297375667051104
-3123711376187833734
-3113787149338989706
-3112158709976238648
-3100771488273192433
-3096680492422053550
-3067228142546894718
-3058834503454660189
-3057311533523570026
-3052489213096464494
-3016357065640119620
-2984533072335029952
-2977556237548918212
-2976107456343825357
-2969613243556199922
-2956430323345818219
-2905616764831230721
-2884157507124384465
-2882298266925038805
-2786874579301967575
-2686880463143710340
-2675656600155154721
-2667631006638360418
-2665440905283862718
-2658068336494829125
-2614626010368802464
-2609200342737032022
-2571342771853220716
-2557032810326157604
-2525790511801590381
-2505074649673688130
-2480178499561818946
-2468908097493226442
-2464840287277475692
-2427214187205880033
-2388261853406546747
-2372051028478866459
-2352280813297265444
-2333521928929481643
-2288336710776489292
-2278666038483496550
-2247538544974057731
-2243085095772016302
-2228678774596015425
-2188010972608129605
-2182954253567969544
-2179000905937999285
-2162972206847141194
-2108450993043135169
-2105391056984830923
-2098309608718215017
-2094521946138870307
-2082306468081506196
-2079892277451682213
-2048384173206675969
-2029622603356314779
-2022343994410829539
-2012836338765782369
-2010657239002613250
-2009070695554282473
-2005269896857311585
-2001988766069807770
-1997608009832654747
-1979063174798374029
-1976970150791738610
-1974040706311926653
-1970541824670358109
-1952305834814008108
-1942108490366567695
-1927621597578090465
-1909334861593460230
-1897846621966462211
-1887929282411173952
-1877369482131169939
-1835098266044014437
-1807290226678392765
-1804911151115395030
-1800341861574993482
-1783731640128076185
-1774543260276813402
-1761008427284347754
-1743694827403904519
-1722650894714649448
-1705894701445549387
-1697546500865412944
-1676700357774522199
-1676535055643544545
-1668923297748765162
-1655563683464772816
-1650243343147643679
-1615138505690324231
-1573436157664963377
-1563434722073615239
-1539218369778911260
-1478195992459459737
-1475675946098876514
-1473061064185930399
-1457660555928328056
-1443476880816969029
-1431721869715431754
-1423577907672203844
-1421797010749306707
-1413852785604216153
-1378845336633369300
-1372895766065038722
-1368224953733632853
-1367338139471055370
-1350164446243854880
-1331088650656124086
-1308763248695637502
-1293261137162940843
-1287416890587052087
-1277458626581795012
-1192088730354970231
-1181952074134410091
-1164943927716529148
-1143718910317082762
-1130182893249076577
-1127217484710989173
-1122705481961587077
-1101390986096176663
-1088964466470641795
-1080041709096860984
-1063498073564031940
-1053586645846340301
-1026129238128928278
-988203087925497890
-949180027010534194
-931321401624375235
-929065553463592551
-928607445298088292
-902232604145252250
-870647880963691064
-867371431238465527
-809197181257766007
-792029794250649338
-775615624662505224
-772480919624832488
-748367587932892071
-745595217899905669
-736733603874483310
-694569937998878362
-693904004859849538
-688229607860069824
-647386367060299031
-646231855210380779
-631782728522642562
-609769241057428756
-606712007755482108
-573528257133789727
-521292475425106723
-492801975451834157
-473564141302354011
-465733487795032033
-460083394874076089
-450764632113178009
-445838653805159392
-428104499011919461
-407882025064954293
-400031463067938355
-383365189231305527
-371761014952288043
-366557301233102178
-362402650959656094
-353129231418673033
-303302319666299529
-302163121212405902
-274317909760131023
-263792381333540448
-257732126857417792
-235161277622609558
-148509263043844837
-111784285939450871
-108625750672069933
-96094487907919543
-80598799144622961
-74314728730940461
-27683497562601783
-15391518564653205
-14377169248392731
-7108344184806488
-384117914180938
1705835774887875
17609439291437797
33549587150538500
51935383321540570
55857801328012384
66809393423704222
92559995193241045
100169438559183958
116035212942808498
123972840143697357
130119693331037632
134691567160246744
151353440192769579
219586745197583306
220009718096664936
250717262853855988
254756064783948283
272428478899992619
294772449055518869
368846440077909930
389881562172441576
404032409776480926
410649630713019274
427861084787166574
446665024682423974
465447379956950417
468079949238467626
475989570440324230
487740892423050719
495912796377158993
510993714991825956
536713156051225025
621335040161500848
636612372294471302
641735042147018002
651241640612416369
659924979173244158
677998865072161269
679066315584933046
679082155437995504
686886428418631481
687889643961068512
715759217794465092
739917267589869198
751987782346333459
768374856144388890
772481180846609232
776985002651250847
778530346681311178
799442999767693573
807338380209708888
822221150227620796
828794414641404887
852610738850365728
950597661372210724
1016339512920015870
1032382980773182146
1077965084805090092
1078052682251332139
1093416058651629558
1093920400646943088
1115800971558892596
1117478271500968503
1126580842696376227
1165316324418251484
1189916631989393017
1196483144588091462
1199067691271511663
1205997573741507832
1290542231750885226
1299798723146081475
1307469206603712007
1308308447418951697
1395002715225235301
1398464480174116308
1511134075640936232
1513420722121580933
1517698285652234496
1518473539919426908
1531128360551386893
1539710595732754081
1547689245760188837
1601524998505412469
1667079532374859781
1674830690676766739
1679772015253912537
1682310049768205215
1682959726394966607
1684513572083781529
1685898044913092201
1733676868329132768
1756785971696243848
1776231340252732855
1780720136637274583
1805136582142559252
1809214773141852268
1821809430731651173
1823479276123956750
1828144506747614316
1834008935521553284
1856498564293719594
1862097382739993541
1879660989738838517
1923639587770439870
2030707058167829669
2049661489227754305
2059223418721348698
2063237633046267542
2085931769780857772
2120276501790100943
2138422591358813146
2146574191358640818
2151966514065652537
2158975173960941869
2176662470298213891
2178002472927676177
2186957333540033174
2224427123679669119
2233432508291791007
2238029611079491498
2248661477623597915
2259110413481985662
2259301381090413856
2265620994957428941
2302061010478245477
2321315047803325726
2360147604886528071
2392601158801792306
2395010816495767641
2425802420207379305
2442797389837610378
2445503165209102720
2465116894985777330
2497294866491015596
2502813450385775024
2529136721296285790
2541244001874790751
2560294660872921740
2568873227628845276
2709980334666377272
2725739176082109297
2730761215868403363
2784296285073047107
2788982843268430918
2790569622320569272
2816964519280139811
2822687487249614510
2826958848785005912
2841317457027962458
2844520630235105655
2866468619018434351
2896648519516165319
2929242068289872572
2960575416699865829
2990132569299429796
3014979564312887004
3020247490378770571
3031765964144576087
3055522496166743643
3076866861025636861
3105088210127080394
3111359194340092879
3128484152517693530
3129129530369236051
3129885255831566890
3147669628738308195
3168327333017733177
3194104550972675402
3224059859901783173
3275763856774112264
3283875794584001803
3300922663124913964
3309127239167751057
3333827797340697337
3361763385865575875
3363675065888397126
3383083801047609508
3383480673138477985
3391519679120078858
3396544175924759509
3405011233752469459
3409381594384936328
3463907774920744279
3471120384951146346
3502169283606138695
3508781220374694806
3518547383158914971
3534998360676792200
3564041964110147024
3571583958623033787
3576665088375091559
3593105750664518698
3594308525667813049
3608596073585176709
3608925108270494648
3609736316329784228
3662189287839794126
3695187763151038317
3704917137752010137
3707771670079189368
3785406214680454238
3835292306545973521
3851177324362762283
3870522108960818116
3874507812423315787
3886742264807576732
3896102593403096426
3905396851452269958
3913600437935082375
3921886306968689392
3927402962815588012
3939986645398608685
3943142550701050866
3970100657557667872
4014440741805439240
4029079520914403064
4039033602972160841
4087681221840243138
4091172209055608402
4102986583024493164
4129501191395836157
4145954804252824778
4160939976486215237
4174000556221583910
4200250621347332689
4202448825912255292
4214668832838364050
4257423929283052117
4293181959575527320
4324887794266027410
4331703968844869947
4332225259044656626
4349616804821743013
4393464289455237451
4409910272748416224
4418777045038027935
4427253559483030593
4462490087260302736
4466882725147202162
4514543682110029666
4558053930130563485
4572542997852963255
4603388416123521209
4611699256572350473
4641250373304437613
4647273102821704502
4680648403148790395
4686506165258491039
4700159735081780936
4709060750345305169
4719726590368215143
4726043780166987923
4735263645151608796
4755404721057403186
4783540072560887072
4809731463966148600
4812396427243593152
4818146082525837778
4869083902796827478
4873019343057558253
4901861689504022872
4917195206518203058
4950849974520915605
4959102012909204049
4969857034289814717
4998989041373240445
5000926402371783541
5062881776621001958
5112595279661542520
5117681783810653963
5127244854368428581
5129276582820706709
5141430876244182380
5152687535455968079
5165430814352093942
5172241252625251398
5205466468734796461
5212306566877189015
5219017113841496870
5227614743946170863
5254432132542425307
5254916106010522732
5277544750442764688
5278470190016215982
5299827011818166560
5303116444396621185
5309363322807692302
5321017482327012499
5335517604817783357
5337882843914313482
5338657143378683813
5355887667082561390
5374082780006235174
5397486701538179266
5405492285466588735
5409729904915153273
5421982302978596992
5424936612428192125
5446184153521732131
5461015886870457712
5519395435020134706
5536714378690977557
5571157029491281454
5595953655434686694
5633900545726916073
5649856492179989652
5653590881635763527
5668595165786208441
5724476080580867078
5728965489712766961
5741602492940529204
5766426098619187472
5782218963841560394
5807984767783501505
5820893510993359022
5822154412587573392
5873447315146827089
5914739344808131737
5945367546877122495
5945464748480544021
5950350111319408068
5958003853300166285
5970194867246544090
5970393689984397318
5995500974819078032
6026577959255255749
6067456275378890059
6094465360963598058
6100459055365370235
6139883350816768155
6166858688571240302
6172387764116946148
6178528213964246076
6208053075971127540
6232574338663805979
6247505304609360788
6255698091690192620
6269165950575214917
6294310333898418822
6319060392133973338
6326169192136992291
6336101462851324422
6339796314552689950
6371218739673230541
6374400627457153938
6377276594730682403
6413136221411369203
6416086153819225538
6434154418168781008
6451844139461926371
6456926372308861772
6494497093763436161
6501455819237661087
6505886282610497044
6554705124342117463
6579561100722833447
6621975229227253484
6633802584998633412
6636944563494606274
6641072394925044225
6720324550096140093
6751040807019551709
6764091807095135739
6765264775898589337
6788659975362260285
6805246755850398879
6821723307432673935
6849538666368785348
6869803591451931781
6880401387355079973
6921326112760160491
6927472026159305297
6950696042738852863
6958909923079159447
6959983617792242594
6970541651186693772
6986497563410378949
6989422173929796490
7026896336753105118
7029066316436007307
7031371103509395543
7090165210228572576
7102119496381327604
7133307175563151250
7152527222671865107
7160772785013369768
7170120820633604817
7170740033362672535
7178212105989789714
7233380797027683996
7250698110448830124
7259092640094693622
7309800079444808384
7320482113214445732
7350357899092689367
7356622313438476166
7369425706847303423
7370710439193715002
7413397795922113192
7425963249796913173
7434767642974963348
7491291437705905621
7558544386278951619
7560845706605389605
7622869427273265225
7639777810381678793
7640830912014004147
7703389002532185651
7703627572714706536
7719364717411968414
7719553715253100998
7723889711326592242
7760798862573593799
7778016566000856570
7778356029734438567
7783630861894096560
7816115536725255298
7837971994992672816
7889032123323362885
7896149079594299611
7936993249124766375
7940888903940716337
7959168793388829043
7983673673185096647
7998618267354223819
8014777287981753630
8034940133279242475
8048737456679358791
8060082177267922292
8144856458250294956
8167869434519892613
8180439301843345326
8193654512439692103
8209661162365563013
8256230926842297739
8260267605381311213
8272925763172595761
8281137874455179813
8309546901398360932
8316983066590979060
8348551981495298998
8365212958553572881
8366284154555613823
8366617232262180069
8369125989485567299
8422497182588199870
8455192856642247665
8464321242352004699
8479942584024442042
8493987449275557098
8624218073647457335
8624950951895495210
8639566642120991296
8652253840186022439
8661949070542672775
8664656658850563926
8675375002129089182
8690511770631491391
8724442545059741905
8727761173793310289
8738030464802412343
8776791165344890649
8778921970331214894
8799133017736122175
8821790241039252651
8825854678053106788
8837689826795168325
8884846337341453164
8899363429370839791
8906629558518073086
8907008581646990486
8920640982479227641
8921849554614643321
8931216717598647776
8980094506647750701
8987578591672887839
9014968703046518273
9043360200957132148
9061822778480108978
9064085806611634304
9064631036697774520
9128378956732652219
9134125002918938742
9164813921150628906
9168422788048168228
9169153052057926255
9182938757103469412
9190368529341375038
9191047955717029663
